0;0;0;null
0;1;0;null
0;2;0;null
0;3;1;
0;4;2;
0;5;10;
0;6;20;
0;7;20;
0;8;15;
0;9;1;
0;10;18;
0;11;13;
0;12;5;
0;13;20;
0;14;20;
0;15;20;
0;16;20;
0;17;14;
0;18;-1;-1
0;19;-1;-1
0;20;12;
0;21;11;
0;22;1;
0;23;1;
0;24;1;
0;25;1;
0;26;1;
0;27;-1;-1
1;0;20;
1;1;20;
1;2;20;
1;3;1;
1;4;1;
1;5;20;
1;6;20;
1;7;20;
1;8;20;
1;9;1;
1;10;20;
1;11;20;
1;12;20;
1;13;20;
1;14;20;
1;15;20;
1;16;20;
1;17;20;
1;18;20;
1;19;20;
1;20;20;
1;21;20;
1;22;1;
1;23;1;
1;24;1;
1;25;1;
1;26;1;
1;27;20;
2;0;-1;-1
2;1;-1;-1
2;2;-1;-1
2;3;-1;-1
2;4;2;
2;5;-1;-1
2;6;-1;-1
2;7;-1;-1
2;8;-1;-1
2;9;3;
2;10;-1;-1
2;11;-1;-1
2;12;6;
2;13;-1;-1
2;14;-1;-1
2;15;-1;-1
2;16;-1;-1
2;17;-1;-1
2;18;-1;-1
2;19;-1;-1
2;20;-1;-1
2;21;-1;-1
2;22;-1;-1
2;23;-1;-1
2;24;-1;-1
2;25;-1;-1
2;26;-1;-1
2;27;-1;-1
3;0;-1;-1
3;1;-1;-1
3;2;-1;-1
3;3;-1;-1
3;4;-1;-1
3;5;-1;-1
3;6;-1;-1
3;7;-1;-1
3;8;-1;-1
3;9;-1;-1
3;10;-1;-1
3;11;-1;-1
3;12;-1;-1
3;13;-1;-1
3;14;-1;-1
3;15;-1;-1
3;16;-1;-1
3;17;-1;-1
3;18;-1;-1
3;19;-1;-1
3;20;-1;-1
3;21;-1;-1
3;22;20;
3;23;4;
3;24;-1;-1
3;25;-1;-1
3;26;nan;-1
3;27;-1;-1
4;0;-1;-1
4;1;-1;-1
4;2;-1;-1
4;3;-1;-1
4;4;-1;-1
4;5;-1;-1
4;6;-1;-1
4;7;-1;-1
4;8;-1;-1
4;9;-1;-1
4;10;-1;-1
4;11;-1;-1
4;12;-1;-1
4;13;-1;-1
4;14;-1;-1
4;15;-1;-1
4;16;-1;-1
4;17;-1;-1
4;18;-1;-1
4;19;-1;-1
4;20;-1;-1
4;21;-1;-1
4;22;-1;-1
4;23;-1;-1
4;24;-1;-1
4;25;-1;-1
4;26;20;
4;27;-1;-1
5;0;-1;-1
5;1;-1;-1
5;2;-1;-1
5;3;-1;-1
5;4;6;
5;5;-1;-1
5;6;-1;-1
5;7;-1;-1
5;8;-1;-1
5;9;-1;-1
5;10;-1;-1
5;11;-1;-1
5;12;-1;-1
5;13;-1;-1
5;14;-1;-1
5;15;-1;-1
5;16;-1;-1
5;17;-1;-1
5;18;-1;-1
5;19;-1;-1
5;20;-1;-1
5;21;-1;-1
5;22;-1;-1
5;23;-1;-1
5;24;-1;-1
5;25;-1;-1
5;26;-1;-1
5;27;-1;-1
6;0;-1;-1
6;1;-1;-1
6;2;-1;-1
6;3;-1;-1
6;4;6;
6;5;-1;-1
6;6;-1;-1
6;7;-1;-1
6;8;-1;-1
6;9;-1;-1
6;10;-1;-1
6;11;-1;-1
6;12;-1;-1
6;13;-1;-1
6;14;-1;-1
6;15;-1;-1
6;16;-1;-1
6;17;-1;-1
6;18;-1;-1
6;19;-1;-1
6;20;-1;-1
6;21;-1;-1
6;22;-1;-1
6;23;-1;-1
6;24;7;
6;25;7;
6;26;-1;-1
6;27;-1;-1
7;0;-1;-1
7;1;-1;-1
7;2;-1;-1
7;3;-1;-1
7;4;-1;-1
7;5;8;
7;6;8;
7;7;-1;-1
7;8;-1;-1
7;9;-1;-1
7;10;-1;-1
7;11;-1;-1
7;12;-1;-1
7;13;-1;-1
7;14;-1;-1
7;15;-1;-1
7;16;-1;-1
7;17;-1;-1
7;18;-1;-1
7;19;-1;-1
7;20;-1;-1
7;21;-1;-1
7;22;-1;-1
7;23;-1;-1
7;24;-1;-1
7;25;-1;-1
7;26;-1;-1
7;27;-1;-1
8;0;-1;-1
8;1;-1;-1
8;2;-1;-1
8;3;-1;-1
8;4;9;
8;5;-1;-1
8;6;-1;-1
8;7;-1;-1
8;8;-1;-1
8;9;-1;-1
8;10;-1;-1
8;11;-1;-1
8;12;-1;-1
8;13;-1;-1
8;14;-1;-1
8;15;-1;-1
8;16;-1;-1
8;17;-1;-1
8;18;-1;-1
8;19;-1;-1
8;20;-1;-1
8;21;-1;-1
8;22;-1;-1
8;23;-1;-1
8;24;-1;-1
8;25;-1;-1
8;26;-1;-1
8;27;-1;-1
9;0;20;
9;1;20;
9;2;20;
9;3;20;
9;4;9;
9;5;20;
9;6;20;
9;7;20;
9;8;20;
9;9;20;
9;10;20;
9;11;20;
9;12;20;
9;13;20;
9;14;20;
9;15;20;
9;16;20;
9;17;20;
9;18;20;
9;19;20;
9;20;20;
9;21;20;
9;22;20;
9;23;20;
9;24;20;
9;25;20;
9;26;20;
9;27;20;
10;0;20;
10;1;20;
10;2;20;
10;3;20;
10;4;20;
10;5;20;
10;6;20;
10;7;20;
10;8;20;
10;9;20;
10;10;20;
10;11;20;
10;12;20;
10;13;20;
10;14;20;
10;15;20;
10;16;20;
10;17;20;
10;18;20;
10;19;20;
10;20;20;
10;21;20;
10;22;20;
10;23;20;
10;24;20;
10;25;20;
10;26;20;
10;27;20;
11;0;20;
11;1;20;
11;2;20;
11;3;20;
11;4;20;
11;5;20;
11;6;20;
11;7;20;
11;8;20;
11;9;20;
11;10;20;
11;11;20;
11;12;20;
11;13;20;
11;14;20;
11;15;20;
11;16;20;
11;17;20;
11;18;20;
11;19;20;
11;20;20;
11;21;20;
11;22;20;
11;23;20;
11;24;20;
11;25;20;
11;26;20;
11;27;20;
12;0;20;
12;1;20;
12;2;20;
12;3;20;
12;4;20;
12;5;20;
12;6;20;
12;7;20;
12;8;20;
12;9;20;
12;10;20;
12;11;20;
12;12;20;
12;13;20;
12;14;20;
12;15;20;
12;16;20;
12;17;20;
12;18;20;
12;19;20;
12;20;20;
12;21;20;
12;22;20;
12;23;20;
12;24;20;
12;25;20;
12;26;20;
12;27;20;
13;0;20;
13;1;20;
13;2;20;
13;3;20;
13;4;20;
13;5;20;
13;6;20;
13;7;20;
13;8;20;
13;9;20;
13;10;20;
13;11;20;
13;12;20;
13;13;20;
13;14;20;
13;15;20;
13;16;20;
13;17;20;
13;18;20;
13;19;20;
13;20;20;
13;21;20;
13;22;20;
13;23;20;
13;24;20;
13;25;20;
13;26;20;
13;27;20;
14;0;-1;-1
14;1;-1;-1
14;2;-1;-1
14;3;-1;-1
14;4;-1;-1
14;5;-1;-1
14;6;-1;-1
14;7;-1;-1
14;8;-1;-1
14;9;-1;-1
14;10;-1;-1
14;11;-1;-1
14;12;-1;-1
14;13;-1;-1
14;14;-1;-1
14;15;-1;-1
14;16;-1;-1
14;17;-1;
14;18;-1;-1
14;19;-1;-1
14;20;-1;-1
14;21;-1;-1
14;22;20;-1
14;23;-1;-1
14;24;-1;-1
14;25;-1;-1
14;26;-1;-1
14;27;-1;-1
15;0;20;
15;1;20;
15;2;20;
15;3;20;
15;4;20;
15;5;20;
15;6;20;
15;7;20;
15;8;20;
15;9;20;
15;10;20;
15;11;20;
15;12;20;
15;13;20;
15;14;20;
15;15;20;
15;16;20;
15;17;20;
15;18;16;
15;19;20;
15;20;20;
15;21;20;
15;22;20;
15;23;20;
15;24;20;
15;25;20;
15;26;20;
15;27;20;
16;0;16;null
16;1;16;null
16;2;16;null
16;3;16;null
16;4;16;null
16;5;16;null
16;6;16;null
16;7;16;null
16;8;16;null
16;9;16;null
16;10;16;null
16;11;16;null
16;12;16;null
16;13;16;null
16;14;16;null
16;15;16;null
16;16;16;null
16;17;16;null
16;18;16;null
16;19;17;null
16;20;16;null
16;21;16;null
16;22;16;null
16;23;16;null
16;24;16;null
16;25;16;null
16;26;16;null
16;27;16;null
17;0;16;null
17;1;16;null
17;2;16;null
17;3;16;null
17;4;16;null
17;5;16;null
17;6;16;null
17;7;16;null
17;8;0;
17;9;16;null
17;10;16;null
17;11;16;null
17;12;16;null
17;13;16;null
17;14;16;null
17;15;16;null
17;16;16;null
17;17;16;null
17;18;16;null
17;19;17;null
17;20;16;null
17;21;16;null
17;22;16;null
17;23;16;null
17;24;16;null
17;25;16;null
17;26;16;null
17;27;16;null
18;0;19;
18;1;19;
18;2;19;null
18;3;19;
18;4;19;
18;5;19;
18;6;19;
18;7;19;
18;8;19;
18;9;19;
18;10;20;
18;11;19;
18;12;19;
18;13;19;
18;14;19;
18;15;19;
18;16;19;
18;17;19;
18;18;19;
18;19;19;
18;20;19;
18;21;19;
18;22;19;
18;23;19;
18;24;19;
18;25;19;
18;26;19;
18;27;19;
19;0;19;
19;1;19;
19;2;19;null
19;3;19;
19;4;19;
19;5;19;
19;6;19;
19;7;19;
19;8;19;
19;9;19;
19;10;20;
19;11;19;
19;12;19;
19;13;19;
19;14;19;
19;15;19;
19;16;19;
19;17;19;
19;18;19;
19;19;19;
19;20;19;
19;21;19;
19;22;19;
19;23;19;
19;24;19;
19;25;19;
19;26;19;
19;27;19;
